光寶科技股份有限公司及子公司
合併資產負債表
民國 112年 3月 31日暨民國 111年 12月 31日及 3月 31日
單位：新台幣仟元
112年3月31日（經核閱） 111年12月31日（經查核） 111年3月31日（經核閱）
代 碼 資 產 金 額 ％ 金 額 ％ 金 額 ％
流動資產
1100 現金及約當現金（附註六） $ 77,674,551 42 $ 91,065,529 46 $ 68,517,225 37
1110 透過損益按公允價值衡量之金融資產（附註七） 8,838,567 5 2,799,938 1 7,630,388 4
1136 按攤銷後成本衡量之金融資產（附註九） - - - - 3,210 -
1140 合約資產（附註二四） 464,841 - 484,791 - 585,370 -
1150 應收票據－淨額（附註十一） 729,684 - 609,573 - 625,284 -
1170 應收帳款－淨額（附註十一） 30,422,894 17 38,127,682 19 38,098,764 20
1180 應收帳款－關係人（附註三一） - - - - 12,035 -
1200 其他應收款（附註十一） 3,360,764 2 1,562,769 1 1,009,242 1
1210 其他應收款－關係人（附註三一） 3,646 - 17,710 - - -
130X 存貨－淨額（附註十二） 25,366,149 14 27,747,465 14 31,307,062 17
1470 其他流動資產（附註十九） 2,608,235 1 2,537,757 1 2,813,798 2
11XX 流動資產總計 149,469,331 81 164,953,214 83 150,602,378 81
非流動資產
1510 透過損益按公允價值衡量之金融資產（附註七） 1,523,915 1 1,462,668 1 1,114,359 1
1517 透過其他綜合損益按公允價值衡量之金融資產（附註八） 2,085,088 1 1,985,324 1 2,088,578 1
1535 按攤銷後成本衡量之金融資產（附註九） 656,622 - 465,790 - 291,604 -
1550 採用權益法之投資（附註十四） 1,894,030 1 1,888,176 1 1,904,643 1
1600 不動產、廠房及設備－淨額（附註十五及三一） 18,657,141 10 19,078,678 10 19,313,388 10
1755 使用權資產－淨額（附註十六） 1,807,842 1 1,648,994 1 1,732,553 1
1760 投資性不動產－淨額（附註十七） 1,232,873 1 1,236,643 1 1,286,816 1
1780 無形資產－淨額（附註十八） 3,677,615 2 3,692,521 2 3,667,019 2
1840 遞延所得稅資產 2,744,174 1 2,804,527 1 3,557,706 2
1920 存出保證金 263,471 - 350,419 - 277,771 -
1975 淨確定福利資產（附註二二） 115,586 - 107,332 - 40,958 -
1995 其他非流動資產（附註十九） 106,813 - 107,451 - 103,765 -
15XX 非流動資產總計 34,765,170 19 34,828,523 17 35,379,160 19
1XXX 資 產 總 計 $ 184,234,501 100 $ 199,781,737 100 $ 185,981,538 100
代 碼 負 債 及 權 益
流動負債
2100 短期借款（附註二十） $ 20,840,005 11 $ 32,628,984 16 $ 27,303,888 15
2120 透過損益按公允價值衡量之金融負債（附註七） 146,185 - 253,441 - 477,633 -
2130 合約負債（附註二四） 47,403 - 79,782 - 233 -
2150 應付票據 48 - 59 - 13 -
2170 應付帳款 37,828,276 21 44,883,340 22 44,646,325 24
2180 應付帳款－關係人（附註三一） 1,696 - 15,842 - 707 -
2219 其他應付款 30,042,224 16 22,630,490 11 26,245,897 14
2220 其他應付款－關係人（附註三一） 11,635 - 19,378 - 493 -
2230 本期所得稅負債 6,127,494 3 5,609,887 3 7,471,418 4
2250 負債準備（附註二一） 1,103,293 1 1,125,550 1 1,118,782 1
2280 租賃負債（附註十六） 386,070 - 359,221 - 426,057 -
2310 預收款項 4,427,504 2 4,175,135 2 3,305,947 2
21XX 流動負債總計 100,961,833 55 111,781,109 56 110,997,393 60
非流動負債
2540 長期借款（附註二十） 3,000,000 2 3,000,000 2 - -
2570 遞延所得稅負債 1,904,408 1 2,212,812 1 1,915,754 1
2580 租賃負債（附註十六） 839,894 - 691,734 - 722,289 -
2645 存入保證金 127,199 - 108,955 - 146,614 -
25XX 非流動負債總計 5,871,501 3 6,013,501 3 2,784,657 1
2XXX 負債總計 106,833,334 58 117,794,610 59 113,782,050 61
歸屬於母公司業主權益
股 本
3110 普通股股本 23,619,970 13 23,630,830 12 23,508,670 13
3200 資本公積 22,756,394 12 22,706,153 11 21,932,661 12
保留盈餘
3310 法定盈餘公積 16,780,649 9 16,780,649 8 15,613,679 8
3320 特別盈餘公積 3,214,551 2 3,214,551 2 5,940,218 3
3350 未分配盈餘 17,122,812 9 21,736,118 11 11,527,692 6
3300 保留盈餘總計 37,118,012 20 41,731,318 21 33,081,589 18
3400 其他權益 ( 3,294,615 ) ( 2 ) ( 3,243,884 ) ( 2 ) ( 3,221,500 ) ( 2 )
3500 庫藏股票 ( 3,445,820 ) ( 2 ) ( 3,468,412 ) ( 2 ) ( 3,700,808 ) ( 2 )
31XX 母公司業主權益總計 76,753,941 42 81,356,005 41 71,600,612 38
36XX 非控制權益 647,226 - 631,122 - 598,876 -
3XXX 權益總計 77,401,167 42 81,987,127 41 72,199,488 39
負 債 與 權 益 總 計 $ 184,234,501 100 $ 199,781,737 100 $ 185,981,538 100
後附之附註係本合併財務報告之一部分。
（請參閱勤業眾信聯合會計師事務所民國 112年 4月 27日核閱報告）
董事長：宋明峰 經理人：邱森彬 會計主管：蕭庭宇
- 5 -