民國111年3月31旨磚皿伊年淀整月31日及3月31日
單位：新台幣仟元
in年3月31日 1104*12 月 31 日 110年3月31日
（經核閱） （經查核） （經核閱）
代碼 資 產 金 額 % 金 額 % 金 額 %
流動資產
1100 現金及約當現金（附註六） $ 2,777,375 6 $ 4,374,302 9 $ 5,787,574 14
1110 透過損益按公允價值衡量之金融資產一流動（附註
七） 127,933 - 16,855 - 25,123 -
1136 按攤銷後成本衡量之金融資產一流動（附註八及三
十） 497,891 1 1,831,215 4 325,407 1
1150 應收票據（附註九） 1,744,267 4 2,092,888 5 2,422,521 6
1170 應收帳款（附註九及二九） 6391,418 13 5,389,837 11 5,149,212 12
1200 其他應收款 19,522 - 22,976 27,879 -
1220 本期所得稅資產（附註四） 14,287 - 12,820 - 14,596 -
130X 存貨（附註十） 5,893.981 12 5,301,683 11 3,610,690 8
1470 其他流動資產（附註十四） 300,698 _1 271,628 _1 224,64()
11XX 流動資產總計 17,767,372 37 19,314,204 41 17,587,642 41
非流動資產
1600 不動產、廠房及設備（附註十二及三十） 26,671,077 56 24,466,511 51 22,335,722 53
1755 使用權資產（附註十三） 1,024,517 2 1,010,259 2 1,012,922 2
1780 其他無形資產 49,132 - 51,519 - 56,269 -
1840 遞延所得稅資產（附註四及二二） 534,284 1 568,219 1 547,034 1
1990 其他非流動資產（附註十四） 1,885,594 _4 2,267,944 _5 L09&680 3
15XX 非流動資產總計 30,164,604 63 28,364,452 59 25,050,627 59
1XXX 資 產 總 計 $ 47,931,976 100 $ 4Z67&656 100 $ 42,638,269 100
代碼負 債 及 權 益
流動負債
2100 短期借款（附註十五） $ 2,767,210 6 $ 3,71X644 8 $ 10,420,078 24
2110 應付短期票券（附註十五） 468,000 1 780,000 2 1,050,000 3
2120 透過損益按公允價值衡量之金融負債-流動（附註
七） - - 981 5,462 -
2130 合約負債--流動（附註二十） 98,407 - 68,712 100,461 -
2150 應付票據（附註十六） 192,219 226,223 - 134,618
2170 應付帳款（附註十六） 1441,721 2 1,076,830 2 786,628 2
2280 租賃負債一流動（附註十三） 61,056 - 60,825 - 62,011 -
2200 其他應付款（附註十七） 4,058,863 9 1,731,823 4 2,615,857 6
2230 本期所得稅負債（附註四） 535,114 1 606,389 1 521,083 1
232。 一年內到期之長期借款（附註十五及三十） 2,523,249 5 766,500 2 766,500 2
2399 其他流動負債（附註十七） 231,015 1 188,513 365,395 1
21XX 流動負債總計 12,076,854 25 9,229,440 19 16,828,093 39
非流動負債
2580 租賃負債一非流動（附註十三） 137,147 - 148,427 - 162,651 -
2540 長期借款（附註十五及三十） - - 2,805,726 6 3,185,907 8
2570 遞延所得稅負債（附註四及二二） 477,940 1 353,392 1 421,806 1
25XX 非流動負債總計 615,087 1 3,307,545 7 3,770,364 __9
2XXX 負債總計 12,691,941 26 12,526,985 26 20,598,457 48
歸屬於本公司業主之權益（附註十九）
3110 普通股 2,000,000 4 2,000,000 4 1,890,250 5
3200 資本公積 14,846,145 31 14,846,145 31 6,870,172 16
3300 保留盈餘 18,546,043 39 19,529,933 41 14,518,135 34
3400 其他權益 ( 159,727) __ 1 (1,232,155) (2) (1,246,939) 口）
31XX 本公司業主之權益總計 35,232,461 74 35,343,923 74 22,031,618 52
36XX 非控制權益 7,574 ——二 7,748 ——~ 8,194 ----r
3XXX 權益總計 35,2 釦,035 74 35,15L67I 74 22,039,812 52
負債與權益總計 $ 47,931,976 100 $ 47,678,656 100 $ 42,638,269 100
II 後附之附註係本合併財務報告之一部分。
r t r* r .
ffinf
董事長 :王世忠 經理人：王世忠 會計主管：曹永祥
.3關 定UJ
-4 -