五、重大會計判斷、估計及假設不確定性之主要來源
本期無重大變動，請參閱民國 110 年度合併財務報表附註五之說明。
六、重要會計項目之說明
(一)現金及約當現金
1.本集團往來之金融機構信用品質良好，且本集團與多家金融機構往來以
分散信用風險，預期發生違約之可能性甚低。
2.本集團於民國 111 年 9 月 30 日、110 年 12 月 31 日及 110 年 9 月 30 日將
活期存款及定期存款提供作為擔保(表列「其他流動資產」及「其他非流
動資產－其他」)之情形，請詳附註八、質押之資產之說明。
(二)透過損益按公允價值衡量之金融資產與負債
~22~
現
約
金
庫
支
當
定
短
：
存
票
現
期
期
現
存
金
存
票
金
款
：
款
券
及 活 期 存 款
1
$
$
1 1 年
1
2 0
2 2
6 4
7
7 1
9 4
,
,
,
,
,
,
,
9
8
8
6
4
1
6
2
月
3
0
3
7
8
5
9
0
7
8
0
9
9
8
3
,
,
,
,
,
,
,
0
9
8
7
5
4
9
7
日
3
6
9
8
1
9
9
1
7
8
6
1
7
5
1
$
$
1 0 年
2
2
5
5
8
1
1
3
1
5
7
0
1
,
,
,
,
,
,
,
2
7
8
6
6
5
2
8
月
3
9
3
6
3
0
3
5
7
3
6
7
4
7
3
,
,
,
,
,
,
,
1
3
8
2
8
7
5
8
日
9
8
8
8
1
9
8
9
2
1
0
9
9
0
1
$
$
1 0 年
1
2 0
2 2
5 1
7
5 8
8 1
,
,
,
,
,
,
,
9
6
8
5
3
1
5
0
月
7
8
5
8
3
1
7
0
5
5
0
5
6
1
3
,
,
,
,
,
,
,
0
1
4
5
2
7
0
6
日
1
6
7
9
3
3
0
1
5
6
7
3
0
6
資 產 項 目 111年9月30日 110年12月31日 110年9月30日
流動項目：
強制透過損益按公允價值衡量
之金融資產
結構型商品 $ 4,015,645 $ 7,403,273 $ 7,778,372
受益憑證 2,878,772 1,764,388 2,640,935
上市櫃及興櫃公司股票 337,964 685,296 575,487
非上市、上櫃、興櫃股票 509,179 443,908 446,634
遠期外匯合約 38,766 2,149 7,313
股權連結商品 174,625 - 27,850
7,954,951 10,299,014 11,476,591
評價調整 29,753 95,179 71,943
$ 7,984,704 $ 10,394,193 $ 11,548,534