8.應收關係人款項達新台幣一億元或實收資本額百分之二十以上：請詳
附表六。
9.從事衍生工具交易：請詳附註六(二)、(十一)及附註十二(二)、(三)。
10.母公司與子公司及各子公司間之業務關係及重要交易往來情形及金
額：請詳附表七。
(二)轉投資事業相關資訊
被投資公司名稱、所在地區等相關資訊（不包含大陸被投資公司）：請詳
附表八。
(三)大陸投資資訊
1.基本資料：請詳附表九。
2.直接或間接經由第三地區事業與轉投資大陸之被投資公司所發生之重
大交易事項：請詳附表十。
(四)主要股東資訊
主要股東資訊：請詳附表十一。
十四、部門資訊
(一)一般性資訊
本集團之應報導部門係策略性事業單位，以提供不同產品及勞務。由於每
一策略性事業單位需要不同技術及行銷策略，故須分別管理。本集團之應
報導部門如下：
化一部：負責生產苯、對二甲苯及鄰二甲苯。
化二部：負責生產苯乙烯、合成酚及丙酮。
化三部：負責生產純對苯二甲酸。
塑膠部：負責生產ＡＢＳ樹酯粒、聚丙烯及聚苯乙烯。
福懋公司：負責生產混紡織物、短纖織物、長短纖交織布、聚胺聚酯織物、
流行性布料、名牌運動服布料、高科技及機能性布料、輪胎簾
布、純棉紗、混紡紗、各類機能紗、防火布、抗靜電布及工業
用布、並經營加油站供售汽油、柴油、煤油與小包裝石油產品
及洗車服務等。
綠能部門:負責太陽能及小水力發電。
(二)部門別資訊之衡量
本集團未分攤所得稅費用或非經常發生之損益至應報導部門。此外，並非
所有應報導部門之損益均包含折舊及攤銷外之重大非現金項目。報導之
金額與營運決策者使用之報告一致。
本集團營運部門損益係以稅前營業損益衡量，作為評估績效之基礎。本集
團將部門間之銷售與移轉視為與第三人間之交易，以現時市價衡量。
~88~(三)部門資訊
~89~
來
來
收
部
部
來
來
收
部
部
自
自
入
門
門
自
自
入
門
門
公
公
合
(
總
公
公
合
(
總
損
損
司
司
計
資
司
司
計
資
)
)
以
內
益
產
以
內
益
產
外
部
外
部
客
之
客
之
戶
收
戶
收
之
入
之
入
收
收
入
入
$
$
$
$
$
$
$
$
化 一
4 3 ,
5 7 ,
1 0 1 ,
3 ,
4 2 ,
化 一
4 8 ,
7 5 ,
1 2 4 ,
1 ,
3 9 ,
部
9 2
4 3
3 6
9 0
1 3
部
8 3
7 5
5 9
4 9
3 1
9
4
4
2
3
0
9
0
3
4
,
,
,
,
,
,
,
,
,
,
7
8
6
9
3
9
6
5
1
0
7
5
3
8
5
3
5
9
8
1
5
5
0
7
8
2
9
1
2
5
(
(
$
$
$
$
$
$
$
$
化 二 部
4 4 , 3 4
1 4 , 7 0
5 9 , 0 5
2 , 8 4
3 1 , 4 5
化 二 部
4 9 , 7 3
2 0 , 3 1
7 0 , 0 5
5 2
3 2 , 4 4
3
7
0
5
0
3
8
1
3
5
,
,
,
,
,
,
,
,
,
,
1
5
7
7
8
6
0
7
7
0
6
4
0
1
9
8
4
2
1
5
6
3
9
3
2
5
0
5
8
8
)
)
(
$
$
$
$
$
$
$
$
化 三
4 4 ,
2 ,
4 6 ,
1 ,
4 9 ,
化 三
5 6 ,
3 ,
5 9 ,
1 ,
4 7 ,
部
6 7
2 1
8 8
1 7
1 8
部
0 9
2 3
3 3
6 0
9 7
2
0
3
3
5
7
9
7
7
9
,
,
,
,
,
,
,
,
,
,
8
2
0
1
4
5
7
2
2
6
0
8
8
7
6
2
2
4
4
2
2
0
2
7
5
1
3
4
8
4
) (
$
$
$
$
$
$
$
$
塑 膠 部
6 3 , 2 6
9 , 6 3
7 2 , 8 9
1 , 8 6
5 2 , 2 5
塑 膠 部
7 7 , 6 1
1 5 , 1 6
9 2 , 7 8
2 2
5 2 , 1 9
5
1
7
0
4
5
7
2
9
1
,
,
,
,
,
,
,
,
,
,
2
8
1
3
3
6
1
8
5
1
8
2
0
0
7
4
5
0
9
5
1
5
6
0
7
3
7
0
7
1
)
1
1
1
1
2
$
$
$
$
1
$
$
$
$
年
年
1
1
月
福
月
福
1 日 至 9 月
懋 公 司
1 6 , 8 0 9 , 4
1 6 8 , 1
1 6 , 9 7 7 , 6
6 5 8 , 8
6 9 , 4 8 6 , 3
1 日 至 9 月
懋 公 司
2 0 , 0 1 6 , 6
1 5 2 , 1
2 0 , 1 6 8 , 7
3 , 4 1 1 , 1
7 3 , 0 1 4 , 5
3 0
4 7
8 7
3 4
4 2
5 2
3 0
2 7
2 5
5 2
8 4
7 0
日
日
$
$
$
$
$
$
$
$
綠
綠
能
能
部 門
9 9 , 5 3 8
3 6 , 6 7 1
1 3 6 , 2 0 9
2 6 , 5 6 5
8 3 3 , 6 6 0
部 門
1 1 7 , 5 0 4
-
1 1 7 , 5 0 4
5 4 , 1 2 8
7 3 7 , 3 7 6
$
$
$
$
$
$
$
$
其 他
3 1
1 0
4 2
7
4 2 6
其 他
4 1
1 4
5 5
1 3
4 5 2
部
, 9
, 1
, 0
, 2
, 9
部
, 5
, 3
, 8
, 8
, 4
門
0 1
2 0
2 1
4 3
4 9
門
1 6
6 4
8 0
5 3
8 2
,
,
,
,
,
,
,
,
,
,
7
0
7
2
3
8
0
9
3
3
8
0
8
5
3
5
5
0
7
6
2
0
2
2
3
6
3
9
4
0
(
(
(
(
(
(
(
$
$
$
$
$
$
$
$
調
調
整 及 沖 銷
-
9 4 , 3 0 9 , 3 6 1
9 4 , 3 0 9 , 3 6 1
1 , 9 2 1 , 0 4 4
1 0 7 , 5 1 3 , 9 7 9
整 及 沖 銷
-
1 2 9 , 0 0 0 , 7 5 7
1 2 9 , 0 0 0 , 7 5 7
1 , 6 9 3 , 6 4 3
1 1 7 , 5 7 7 , 2 8 0
)
)
)
)
)
)
)
$
$
$
$
$
$
$
$
合
合
計
2 4 5 , 0 2 1 , 7 9 1
-
2 4 5 , 0 2 1 , 7 9 1
7 , 8 7 3 , 5 0 0
5 6 4 , 7 7 9 , 4 5 8
計
2 9 3 , 9 2 8 , 7 6 8
-
2 9 3 , 9 2 8 , 7 6 8
1 8 , 4 3 1 , 3 5 2
5 8 0 , 5 8 6 , 8 7 4(四)部門損益之調節資訊
部門間之銷售係按公允交易原則進行。向主要營運決策者呈報之外部收
入，與損益表內之收入採用一致之衡量方式。
(以下空白)
~90~