公司
民國111年及110年 7月1日至9 ； 1年及110年1 月1 日至9月30日
（僅經核閱电 公宓*寧噂t準則查核）
單位：新台幣仟元，惟
每股盈餘為元
m年7月1日至9月30日 110年7月1日至9月30日 111年1月1日至9月30日 110年1月1日至9月30日
代碼 金 額 ％ 金 額 ％ 金 額 ％ 金 額 ％
營業收入
4100 銷貨收入（附註二十及三四） $ 6,077,173 100 $ 6,663,429 100 $19,808,521 100 $19,632,353 100
營業成本
5110 銷貨成本（附註十及二-*） 3,262,883 54 3,384,194 51 10,820,108 55 10,021,046 51
5900 營業毛利 2,814,290 46 3,279,235 49 8,988,413 45 9,611,307 49
營業費用（附註二…）
6100 推銷費用 626,899 10 585,804 9 1,898,833 9 1,705,148 9
6200 管理費用 305,934 5 505,533 8 821,844 4 1,015,791 5
6300 研究發展費用 184,819 3 152,205 2 543,778 3 441,850 2
6450 預期信用減損損失（利益） 6,376) - 6,809 - 17,549 33,455 -
6000 營業費用合計 L11L276 18 1,250,351 19 3,282,004 16 3,196,244 16
6900 營業淨利 1,703,014 2,028,884 30 5,706,409 29 6,415,063 33
營業外收入及支出（附註二一）
7100 利息收入 28,369 1 22,947 1 76,133 73,262 -
7020 其他利益及損失 105,275 2 83,470 1 386,070 2 ( 19,210) .
7050 財務成本 (- 34,424) (且) ( 54,164) (顼 ( 103,475) ( 149439) ( 1)
7000 營業外收入及支出合計 99,220 2 52,253 1 358,728 2 ( 95,087) (__1)
7900 繼績營業單位稅前淨利 1,802,234 30 2,081,137 31 6,065,137 31 6,319,976 32
7950 所得稅費用（附註四及二二） 411,201 7 480,532 7 1,394,306 7 1,484,268 7
8200 本期淨利 1,391,033 23 1,600,605 24 4,670,831 24 4,835,708 25
其他綜合損益
8310 不重分類至損益之項目：
8341 換算表達貨幣之兌換差額 305,956 5 ( 21,206) 1,083,920 5 ( 400,927) ( 2)
8360 後續可能重分類至損益之項目：
8361 國外營運機構財務報表換算
之兌換差額 （一 55,612) （且） （一 3,541) (— ) (1) 13,085 -
8300 本期其他綜合損益（稅後淨
額） 250,344 4 (- 24,747) —二 879,438 4 ( 387,842)(顼
8500 本期綜合損益總額 $ L641,377 27 U£75,858 24 ^=5x550/262 堡
8600 淨利歸屬於：
8610 本公司業主 $ 1,391,166 23 $ 1,600,763 24 $ 4,671,193 24 $ 4,836,237 25
8620 非控制權益 (— 133) __Z (— 158) ___z (；_______ ) - ( ) __z
£L39L033 23 11,600,605 24 $ 4,670,831 24 $ 4,835,708 25
8700 綜合損益總額歸屬於：
8710 本公司業主 $ 1,641,519 27 $ 1,576,015 24 $ 5,550,662 28 $ 4,448,377 23
8720 非控制權益 (— 142) __二 (— 157) I:____ ) - ( )二
L64L377 27 1L575.858 $ 5550269 $ 4,447,866 23
每股盈餘（附註二三）
9710 基 本 $ 6.96 $ 23.36
9810 稀 釋 $ 6.95 23.34
後附之附註係本合併財務報告之一部分。
II -11 r
董事長 :王世忠 經理人：王世忠 會計主管：曹永祥
-5 -