民國1"年9月3糠盼羣$|月31日及9月30日
歸勰験泌蹒監■螫沒i*!第才泌
單位：新台幣仟元
m年9月30日 口0年12月3工日 口。年9月3。日
（經核閲） （經查核） （經核閲）
代碼 資 產 金 額 % 金 額 % 金 額 %
流動資產
1100 現金及約當現金（附註六） $ 4,258,508 8 $ 4,374,302 9 $ 4,614,489 10
1110 透過損葢按公允價值衡量之金融資產一流動（附註
七） - 16,855 - 16,680 -
1136 按攤銷後成本衡量之金融資產…流動（附註八及三
十） 828,233 2 1,831,215 4 884,710 2
1150 應收票據（附註九） 2,564,502 5 2,092,888 5 2,572,018 6
1170 應收帳款（附註九及二九） 5,971,669 11 5,389,837 11 5,983,426 13
1200 其他應收款 21,745 - 22,976 - 25,360 -
1220 本期所得稅資產（附註四） 11,698 - 12,820 - 17,350
130X 存貨（附註十） 6,942,271 13 5,301,683 11 4,367,122 9
1470 其他流動資產（附註十四） 295,053 1 27L628 1 273,948 1
11XX 流動資產總計 20,893,679 40 19,324,204 41 18,755,如 3 41
非流動資產
1600 不動產、廠房及設備（附註十二及三十） 28,408,708 54 24,466,511 51 23,553,371 51
1755 使用權資產（附註十三） 1,016,799 2 1,010,259 2 1,019,318 2
1780 其他無形資產 44,580 - 51,519 - 55,626
1840 遞延所得稅資產（附註四及二二） 439,649 1 568,219 1 570,803
1990 其他非流動資產（附註十四） 1,590,291 3 2,267,944 5 2,238,327
15XX 非流動資產總計 31,500,027 60 28,364,452 59 27,437,445
1XXX 資 產 總 計 $ 52,393,706 100 队4九678,656 100 $ 46,192,548
代碼 負 債 及 權 益
流動負債
2100 短期借款（附註十五） $ 9,164,112 18 $ 3,712,644 8 $ 11,997,071 26
2110 應付短期票券（附註十五） 300,000 1 780,000 2 1,150,000 3
2120 透過損葢按公允價值衡量之金融負債一流動（附註
七） - - 981 - 443 -
2130 合約負債一流動（附註二十） 62,489 - 68,712 - 57,823 -
2150 應付票據（附註十六） 200,906 - 22&223 - 239,113 1
2170 應付帳款（附註十六） 831,975 2 1,076,830 2 935,472 2
2280 租賃負債…流動（附註十三） 68,880 - 60,825 - 63,583 -
2200 其他應付款（附註十七） 2,351,333 4 1,731,823 4 1,577,332 3
2230 本期所得稅負債（附註四） 454,948 1 606,389 1 430,656 1
2320 一年內到期之長期借款（附註十五及三十） - - 766,500 2 766,500 2
2399 其他流動負債（附註十七） 224,300 顶 188,513 - 162,656 -
21XX 流動負債總計 13,658,943 9219,440 19 17,380,649 38
非流動負債
2580 租賃負債一非流動（附註十三） 136,313 - 148,427 - 159,620 -
2540 長期借款（附註十五及三十） - - 2,805,726 6 2,804,703 6
2570 遞延所得稅負債（附註四及二二） 572,402 1 353,392 1 408,22] 1
25XX 非流動負債總計 708,715 _1 3,307,545 __7 3,372,544 7
2XXX 負債總計 367,658 27 12,526,985 26 20,753,193 45
歸屬於本公司業主之權益（附註十九）
3110 普通股 2,000,000 4 2,000,000 4 1,890,250 4
3200 資本公聶 14,846,145 29 14,846,145 31 7,082,549 15
3300 保留盈餘 21,525,234 41 19,529,933 41 17,924,145 39
3400 其他權益 ( 352,686)(；____ ) ( 1,232,155)(二） ( 1,465,447)( 3)
31XX 本公司業主之權葢總計 38,018,693 73 35,143,923 74 25,431497 55
36XX 非控制權益 7,355 ___I 7,748 7,858 -
3XXX 權葢總計 38,026,048 73 35451,671 74 25,439,355 55
負債與權益總計 $ 52,393,706 100 $ 47,678物 100 $ 46,192,548 100
後附之附註係本合併財務報告之一部分。
董事長：王世忠 經理人：王世忠 會計主管：曹永祥
-4 -