2. 移轉對價、被收購者非控制權益，及先前已持有被收購者之權益之公允
價值總額，若超過所取得可辨認資產及承擔之負債之公允價值，於收購
日認列為商譽；所取得可辨認資產及承擔之負債之公允價值，若超過移
轉對價、被收購者非控制權益，及先前已持有被收購者之權益之公允價
值總額，該差額於收購日認列為當期損益。
五、重大會計判斷、估計及假設不確定性之主要來源
本期無重大變動，請參閱民國 111 年度合併財務報表附註五之說明。
六、重要會計項目之說明
(一)現金及約當現金
1.本集團往來之金融機構信用品質良好，且本集團與多家金融機構往來以
分散信用風險，預期發生違約之可能性甚低。
2.本集團於民國 112 年 9 月 30 日、111 年 12 月 31 日及 111 年 9 月 30 日將
活期存款及定期存款提供作為擔保(表列「其他流動資產」及「其他非流
動資產－其他」)之情形，請詳附註八、質押之資產之說明。
(二)透過損益按公允價值衡量之金融資產與負債
~23~
現
約
金
庫
支
當
定
短
：
存
票
現
期
期
現
存
金
存
票
金
款
：
款
券
及 活 期 存 款
1
$
$
1 2 年
2
3 0
3 2
6 1
1 0
7 1
1 0 4
,
,
,
,
,
,
,
9
4
2
6
0
6
7
4
月
4
3
8
5
9
5
3
9
2
2
8
5
3
5
3
,
,
,
,
,
,
,
0
7
3
0
0
8
8
8
日
2
4
6
0
0
0
6
1
2
3
5
1
6
9
1
$
$
1 1 年
2
2
6
7
9
2
4
6
4
6
0
6
1
,
,
,
,
,
,
,
2
0
3
3
1
4
6
9
月
4
3
7
3
6
0
8
1
7
9
7
9
7
6
3
,
,
,
,
,
,
,
1
5
4
0
3
8
2
2
日
3
7
0
7
7
5
5
0
0
0
8
5
3
3
1
$
$
1 1 年
1
2 0
2 2
6 4
7
7 1
9 4
,
,
,
,
,
,
,
9
8
8
6
4
1
6
2
月
3
0
3
7
8
5
9
0
7
8
0
9
9
8
3
,
,
,
,
,
,
,
0
9
8
7
5
4
9
7
日
3
6
9
8
1
9
9
1
7
8
6
1
7
5
資 產 項 目 112年9月30日 111年12月31日 111年9月30日
流動項目：
強制透過損益按公允價值衡量
之金融資產
結構型商品 $ 6,632,646 $ 4,451,630 $ 4,015,645
受益憑證 2,272,159 1,591,545 2,878,772
上市櫃及興櫃公司股票 508,951 410,377 337,964
非上市、上櫃、興櫃股票 692,626 492,500 509,179
遠期外匯合約 1,145 1,964 38,766
股權連結商品 145,215 76,775 174,625
10,252,742 7,024,791 7,954,951
評價調整 343,369 124,405 29,753
$ 10,596,111 $ 7,149,196 $ 7,984,704